 id_class | label | asciicode 
----------+-------+-----------
        1 | 0     |        48
        2 | 1     |        49
        3 | 2     |        50
        4 | 3     |        51
        5 | 4     |        52
        6 | 5     |        53
        7 | 6     |        54
        8 | 7     |        55
        9 | 8     |        56
       10 | 9     |        57
       11 | A     |        65
       12 | B     |        66
       13 | C     |        67
       14 | D     |        68
       15 | E     |        69
       16 | F     |        70
       17 | G     |        71
       18 | H     |        72
       19 | I     |        73
       20 | J     |        74
       21 | K     |        75
       22 | L     |        76
       23 | M     |        77
       24 | N     |        78
       25 | O     |        79
       26 | P     |        80
       27 | Q     |        81
       28 | R     |        82
       29 | S     |        83
       30 | T     |        84
       31 | U     |        85
       32 | V     |        86
       33 | W     |        87
       34 | X     |        88
       35 | Y     |        89
       36 | Z     |        90
       37 | a     |        97
       38 | b     |        98
       39 | c     |        99
       40 | d     |       100
       41 | e     |       101
       42 | f     |       102
       43 | g     |       103
       44 | h     |       104
       45 | i     |       105
       46 | j     |       106
       47 | k     |       107
       48 | l     |       108
       49 | m     |       109
       50 | n     |       110
       51 | o     |       111
       52 | p     |       112
       53 | q     |       113
       54 | r     |       114
       55 | s     |       115
       56 | t     |       116
       57 | u     |       117
       58 | v     |       118
       59 | w     |       119
       60 | x     |       120
       61 | y     |       121
       62 | z     |       122
       63 | Ñ     |       209
       64 | Ç     |       199
       65 | Á     |       193
       66 | É     |       201
       67 | Í     |       205
       68 | Ó     |       211
       69 | Ú     |       218
       70 | Ü     |       220
       71 | ñ     |       241
       72 | á     |       225
       73 | é     |       233
       74 | í     |       237
       75 | ó     |       243
       76 | ú     |       250
       77 | ü     |       252
       78 | ç     |       231
       79 |       |        32
       80 | ¡     |       161
       81 | !     |        33
       82 | ¿     |       191
       83 | ?     |        63
       84 | .     |        46
       85 | ,     |        44
       86 | :     |        58
       87 | ;     |        59
       88 | -     |        45
       89 | (     |        40
       90 | )     |        41
       91 | {     |       123
       92 | }     |       125
       93 | [     |        91
       94 | ]     |        93
       95 | '     |        39
       96 | <     |        60
       97 | >     |        62
       98 | +     |        43
       99 | *     |        42
      100 | /     |        47
      101 | =     |        61
      102 | #     |        35
      103 | @     |        64
      104 | %     |        37
      105 | $     |        36
      106 | &     |        38
